10067
1860
3525
13227
36184
19856
19241
15004
59124
15601
33839
46079
12977
31949
4536
17043
15286
13387
21079
22827
49239
15024
2359
49244
54095
7935
19948
19430
15481
42122
21379
8022
26317
9779
42113
3472
1596
3473
2357
22203
15317
1892
9992
23540
2220
6913
23675
15253
20837
4676
40762
8373
3474
20931
12175
20172
23202
12311
29184
58328
17647
46107
23850
6411
46867
46877
46878
19478
18221
33352
10638
7398
8063
50419
33865
34820
39899
3503
4646
2633
27827
18565
36022
41247
7640
28794
51495
9187
9167
43489
45900
32318
46317
28578
52682
5856
12348
42938
42936
42935
6609
36103
34134
23689
34136
52811
41527
8228
7614
7612
40763
8224
37225
29010
8248
19956
13828
17290
18499
14086
30737
8582
8583
12462
8580
17333
30664
48200
40001
28191
15124
13785
26823
11265
10259
15463
15461
10056
26321
29057
28920
29189
28912
30187
28917
58872
18776
19232
49732
18768
36764
43540
45004
36346
30029
12347
12463
12465
12464
23467
23478
23466
23476
16011
20068
17386
13531
25401
13718
50051
18384
50941
50494
15820
49944
32072
49945
28144
13627
58840
58845
14151
58864
58834
30736
30735
30734
30733
15083
30765
56701
30751
30781
32204
30776
15088
18699
28100
50624
50560
15815
25079
25071
25053
23116
17368
50603
50466
50675
27957
22547
17931
23561
44159
43101
32533
23541
26029
23574
46929
43988
44095
32549
43102
28244
54062
46644
44790
51389
42979
28106
53348
19545
19542
19543
19442
19541
22232
22233
50671
22998
50033
50672
50660
25759
25773
25789
25764
25781
36260
56235
36249
56255
56243
30740
30739
30741
30738
30742
31729
31733
31743
31732
31742
38757
40009
44016
48578
48582
48561
48580
48579
48734
48733
48745
48743
48741
48943
48811
48810
48807
59563
48946
48923
48948
48945
48963
59105
58526
51331
59103
59102
51332
51334
56365
57622
7108
1934
7119
25864
18439
4451
44621
38564
29032
1581
1553
1552
1551
13670
1627
1915
1555
1554
1558
1808
1638
24809
3465
3464
1582
1584
4028
29089
5864
49460
57469
8427
4011
1628
4007
8426
5392
12992
40315
6127
6126
12590
3746
4314
4309
4330
22683
36062
8521
7101
22647
2584
3469
17642
17641
40122
17640
23826
6739
15901
19119
6726
6141
40311
47493
7970
6129
38736
22678
39875
25427
53377
38962
13493
4594
4601
19913
13177
38967
37260
5223
38742
22655
15665
9908
36037
25717
4665
19759
22943
21480
49885
39935
25859
39922
39524
51960
37882
37878
18589
29118
30545
8915
6843
12448
6841
6838
6845
51329
39527
58522
7124
51330
51709
38227
38221
23747
58531
42829
9965
42828
8934
53357
9017
29079
20990
46307
36540
53380
53381
40310
24703
53379
11246
12440
17533
12439
31162
33280
13671
33279
13672
14724
53568
53567
15658
53618
38324
17636
17638
18998
17637
17634
39491
37990
42072
37989
37866
18903
22554
22553
23558
23578
37905
37909
37908
26848
37906
42062
42061
39487
42060
42063
42065
39523
42064
39927
51944
40826
42066
43230
52045
52032
52031
51319
52027
55519
55517
57625
57449
2939
26880
27445
5138
7182
1573
10714
28451
7128
2247
1583
42974
2188
42970
8519
25236
47330
3391
50240
2268
20379
20207
21476
15623
57064
12532
31443
22314
13995
35188
39878
36654
34466
25256
10125
9127
36419
8071
9403
6435
44460
15267
33103
33531
11097
11010
33755
41761
24550
30638
1982
27026
57214
5762
7149
18888
32397
18890
13457
31464
7544
54921
7493
51361
9370
19503
7676
2217
32173
20057
16535
16536
21439
58150
36620
33133
45332
46587
14351
47539
17008
5647
42688
50173
43956
17975
6144
22175
26700
35703
49826
6437
49828
6457
57082
44646
49655
47658
30928
23051
13290
57050
57990
58510
17476
57348
53476
51013
39541
45212
19270
29531
17437
39374
33538
13348
9143
27008
50952
40495
22462
50026
39123
25903
37195
43223
30917
32901
27915
33446
48160
20531
17107
18026
53822
46246
54563
33195
45778
22080
54557
50356
11809
40600
54982
27412
27419
51978
54985
43957
26180
8574
33697
50201
50208
28394
14907
23787
36658
9579
27039
57242
20964
43286
51075
51115
51078
51088
15030
20226
20228
19643
21137
35089
59907
25937
25948
25953
30831
35035
30827
35036
11245
15082
15078
11623
12103
30911
34265
34908
34295
34929
34935
57960
50854
52962
52971
52993
54686
25592
25599
25597
28976
13619
21411
18023
20423
50224
20972
19773
20059
59881
33980
14619
54875
54858
14862
54865
54878
48566
48313
14864
59552
59778
14874
14873
19740
19739
14872
14893
14894
14890
14889
15344
42049
31927
52577
42893
30696
54819
27720
51909
54823
51961
43398
41906
23599
23579
18441
23532
44125
43992
31005
46626
28274
58980
58986
45767
46658
49983
53526
59681
59085
59755
20039
37894
37893
40071
40074
20052
20053
20050
20064
20054
35023
31075
34977
31078
34966
20617
38466
37085
20558
37086
26371
54992
21163
51455
58507
27496
57151
52488
52514
27500
43671
44375
57081
44376
26862
51589
41134
57213
51583
27004
27406
51995
50028
27425
27427
27846
27845
35049
30895
47075
47072
47064
47057
30900
30896
47045
30898
48594
58073
48660
58024
58085
59507
48914
46025
59514
48885
59558
52316
48750
46205
52320
36282
49786
49784
55812
55821
57078
57079
57812
39720
37204
38223
58548
38445
52453
51806
52432
52376
52372
48767
48769
59772
46185
42612
45087
50982
57419
57418
59731
45103
59730
59756
45102
45824
59467
48981
59456
49006
49011
55838
57649
56476
55365
55952
55540
56429
49076
56594
56142
55464
55437
57558
56528
55448
55580
57786
55111
55080
57791
55259
56588
57779
55257
57780
57707
56069
56549
56070
49092
57743
49100
57752
56133
55532
49104
49102
49101
49103
55274
56180
49129
49128
55276
55497
57720
56111
49144
55018
56424
55282
55289
56581
57803
50382
50386
50385
50378
50379
52501
52500
52518
52480
52499
51981
52003
52021
52494
52505
52472
52503
52512
55395
56543
55073
56542
55398
57759
55533
57765
57801
55081
57782
55107
55101
55090
55100
57892
55561
59863
57890
55086
55286
55119
55834
55109
55197
55835
55352
56432
55836
55394
57875
55198
56546
57733
55200
57735
57877
57736
57865
57624
57619
57861
57862
55334
55516
55331
55326
55518
57859
55337
57860
57608
57607
57874
57679
57685
57687
57681
57880
57699
57879
57766
57763
57773
57887
57884
57770
57888
59851
57889
58600
59673
59672
20841
2366
52130
2711
2710
41996
50724
3820
18178
38868
36730
41997
2702
17612
3895
8465
43593
37602
15887
35537
35530
35543
35541
38505
16805
41005
39314
29172
35533
10771
15892
15871
15893
39831
39328
35437
37558
33268
13341
39321
33272
40996
40145
46836
15895
46850
46859
46852
17618
38933
36218
40931
33274
49888
49911
51272
53575
51271
30726
30725
30731
30727
30729
30728
30730
31720
40997
41008
38500
38931
37201
34721
36752
36753
36745
37550
37575
37551
37549
37576
37577
37578
37556
37579
37555
37583
37562
37563
37584
37561
37565
37587
37564
37590
37586
39108
51278
51288
33145
33146
34105
37173
13343
31099
34039
35438
2694
31090
34022
41745
12846
41748
38490
39752
2720
13306
39753
54896
12994
5372
12895
46884
35386
12996
47109
14284
15046
18170
18176
33308
42594
33306
18180
40927
18525
18532
18526
18531
51301
24656
30714
30718
30716
30717
30715
30723
30724
30721
30722
30720
34055
34056
34053
31113
31114
31161
36748
35888
36746
35895
36747
36200
39754
36208
40922
36209
42582
37167
42583
37537
37538
37539
37513
37512
37514
37516
37515
37542
37519
37518
37540
37541
37525
37524
37523
37527
37526
37545
37534
37529
37533
39107
46885
47089
47084
47095
47091
47118
47108
47111
47120
47119
51294
